Date,minimum,maximum,avg,med,std_dev,iqr,skew,kurt
1993Q2,0.08461766106507984,0.9967583529053623,0.6173113484562096,0.583181822080889,0.2776067581798129,0.4589680925049734,-0.19737302012031527,1.9468023843320477
1993Q3,0,0.9937778883982153,0.4953437406919976,0.4498260430859722,0.35440818080360176,0.6629557020942355,-0.049616897454337686,1.471384524086928
1993Q4,0.00860817807211256,0.9760665803101655,0.518992994317861,0.48665073368439216,0.2824307282633793,0.4116447084075539,0.06419848990625135,1.9616790586225359
1994Q1,0.03571782423110981,0.9853519249282465,0.5205730102001428,0.5502828485041698,0.2772081776919694,0.4343369766412956,0.034272038923182015,1.9381176422375144
1994Q2,0,0.9556653492852669,0.518371529024057,0.5057221873744807,0.2970948091117671,0.4683444946379662,-0.061636738560031296,1.8620367225714118
1994Q3,0.02962280808535689,0.986929267088028,0.5325749351184712,0.46993051728215973,0.2661582832738582,0.38629748978891343,0.20139905513990675,2.0083044065331674
1994Q4,0,0.9923116523704248,0.5463133226876432,0.5269898452866127,0.26570991573260955,0.3748710723309646,-0.0024184778089752696,2.170585632526912
1995Q1,0.05698270248880033,0.9908780835836566,0.5676311671219681,0.5888220858821158,0.2780488379112618,0.4409681361720891,-0.11586544169580434,1.7891276305232238
1995Q2,0,0.9937505893268201,0.5430287641556997,0.5609475104792405,0.28984865773441276,0.48138332326574507,-0.12975589773683627,1.9395853233565752
1995Q3,0,0.9925945838686524,0.4731336999047341,0.49268000406382206,0.2575178000762901,0.3395290208929842,-0.19014209614247793,2.306536228815225
1995Q4,0,0.9870608318286684,0.51853485419696,0.5353045218469021,0.24950926754632796,0.3663324672910102,-0.008380010822169041,2.1933752898661396
1996Q1,0.061331504890898114,0.9718081628187348,0.5557755385792383,0.5947336058971038,0.24265938514390717,0.38014963076149116,-0.155660697005341,2.010993062700853
1996Q2,0,0.9603223776780063,0.5484244961328624,0.5698719033121971,0.2816460144921081,0.4243799788266138,-0.3518092907039155,2.1062044198267826
1996Q3,0,0.9572462197106989,0.5415336952109713,0.5659363518129845,0.2714509370936972,0.4144465407986115,-0.33332692610441755,2.0875848485261064
1996Q4,0,0.9689552225903896,0.5149602273067583,0.5773738065972838,0.2570282825102789,0.3108645808182177,-0.41704129578457116,2.4781263425650946
1997Q1,0,0.9333173044407387,0.5192160732454874,0.5063553605043073,0.2728863776665468,0.44163480470437977,-0.2674005171610948,2.000744531872754
1997Q2,0,0.9039218193053694,0.5049824388539711,0.5487752862646322,0.24180758822691795,0.3806383594699309,-0.3516869721067544,2.1300032029510514
1997Q3,0,0.933358977851245,0.5072092098788179,0.5601706566065672,0.2818459833697295,0.48388885308003105,-0.4319253877921337,1.9115064625434721
1997Q4,0,0.9537162511235726,0.5148616773463733,0.5342851270651093,0.25150939306036885,0.3499408605822981,-0.36519871017474925,2.208314294414673
1998Q1,0,0.8940537799426109,0.46335439571309517,0.485672278065018,0.2606237517390253,0.4684707464694906,-0.10913044767494531,1.917373993420404
1998Q2,0.04993577502684654,0.912391545633616,0.5125740855595362,0.5102950505056447,0.21532948614820024,0.368938776281778,0.00432946677178184,2.14158387683816
1998Q3,0,0.9277031761987194,0.534892339584008,0.5448132060815774,0.22804757334198386,0.3240935893042242,-0.6246519465257376,2.6833498945760703
1998Q4,0,0.9719823299130679,0.4820932968326376,0.46977430068292825,0.22146019216896148,0.29867004208205034,-0.011801835963006225,2.3961598914318682
1999Q1,0,0.9753617518125401,0.4260199382404384,0.4432764434196569,0.23310549391723948,0.3310978599639794,0.014987840998154159,2.3491394907570973
1999Q2,0,0.958272185456398,0.4541071997872825,0.47582526354404875,0.24128302394592513,0.3215628525214309,-0.03504651053511475,2.332577906375269
1999Q3,0,0.9168604952856227,0.4334424050143461,0.4529422417323624,0.2467846332180504,0.38067935473996806,-0.0026835502797795587,2.0836172554319803
1999Q4,0,0.9460254798036397,0.4373341255606726,0.4388537559036012,0.24965549297811976,0.3719288495855695,-0.026541092275831714,2.1063444871525454
2000Q1,0,0.9658108073846923,0.4478690316847977,0.44943931009018656,0.26870412856145426,0.4191912982133106,-0.03824749068030446,2.008137515137299
2000Q2,0,0.9514918873870353,0.48466661063444166,0.5035918842438598,0.24524621745109904,0.35283852818809375,-0.26026710167664163,2.2935436350840988
2000Q3,0,0.9502678573609025,0.46770454253794713,0.473460920931315,0.21157420765761417,0.3005010893542814,-0.17011524656431193,2.552291403081378
2000Q4,0,0.889412189745439,0.46129259068373835,0.48007368337475104,0.24232322060404202,0.3890233677767245,-0.1408519845414193,1.9736462281321243
2001Q1,0,0.9696477032568893,0.48178431759698204,0.5045458936609625,0.24510221304675214,0.3570753146877393,-0.32241391212459947,2.433669937953699
2001Q2,0,0.9364076571377868,0.4818583130115944,0.4973742556526023,0.24029181620908419,0.3261223074952181,-0.2627829111207293,2.474912726590776
2001Q3,0,0.8877524325231122,0.47269339644749125,0.4832643501954835,0.22789270287717012,0.34805945038365294,-0.14483842640618683,2.1797952092350155
2001Q4,0,0.8524449998567288,0.4883339467182077,0.5202626802898415,0.22166435037024715,0.30489666711213304,-0.46307947578255304,2.354414370071029
2002Q1,0,0.8452272928422518,0.419981469279202,0.4378898875812028,0.24523844100205616,0.35759960721678163,-0.18740313843031256,2.0159978402439576
2002Q2,0,0.9281734239579684,0.4699384900410758,0.4993384839048248,0.21094108299932626,0.3117630366841526,-0.2667127462827276,2.340748278321456
2002Q3,0,0.9235421598091608,0.5686616453084881,0.5846034662127696,0.23099862435820906,0.36220960745919695,-0.520109942623688,2.4778568197923647
2002Q4,0,0.9451989632180856,0.5310171555639234,0.5788396607640232,0.2642845321157945,0.4113438304109143,-0.4919344567893703,2.149054445467507
2003Q1,0,0.9794436959786166,0.4638646465552843,0.5226207998853762,0.26281591747040184,0.4245089798481416,-0.28228646172714444,2.018944621031173
2003Q2,0,0.8585352690234468,0.43232720099837607,0.4681414787490342,0.21199931104468286,0.3034103800921931,-0.3521230445328941,2.3083383324765117
2003Q3,0,0.8841513501450148,0.4661779653617848,0.5023554594056018,0.19963218243826067,0.29259827559172114,-0.48801719496294166,2.6623284283940776
2003Q4,0,0.8890123002594986,0.5064166305190749,0.5581886072778978,0.21301119347775138,0.2823969103999895,-0.7612985118516454,2.9147221525973785
2004Q1,0,0.95494603938418,0.4926573385543249,0.4982610643883699,0.20651725712894164,0.29543454757308973,-0.23183581304034406,2.492336950106019
2004Q2,0,0.8355774310757551,0.499230008943813,0.5471265212409642,0.20200282485365448,0.259228473617908,-0.7884705196954391,3.0938817416151982
2004Q3,0,0.8814188000713887,0.4779653638157783,0.495432895898778,0.22318952098641245,0.30992549589580926,-0.374942091690145,2.4233965501365637
2004Q4,0,0.9341697147008843,0.5084722816284893,0.5234633291734633,0.20182425482058278,0.2879309267522313,-0.373406227163963,2.624798927766506
2005Q1,0,0.9103100030471265,0.4566680346269485,0.4895172985043379,0.2233998780674307,0.3276778995937997,-0.40675822857102656,2.3265146433356736
2005Q2,0,0.8640412753499619,0.5079421991845923,0.5522748532626346,0.22001387604793526,0.30231382892372355,-0.6790594937213165,2.5811415861721234
2005Q3,0,0.9089341222630779,0.5142707563992374,0.5686145158310487,0.2306889645454603,0.33944294315688717,-0.5486754893300343,2.3362993396316902
2005Q4,0,0.8993965063356171,0.5340176730249978,0.5724006410636975,0.21065761337186886,0.29056195433711657,-0.5533575340202961,2.5324222518532324
2006Q1,0,0.9674260544218058,0.47676157171897726,0.4733373685675708,0.2039717371426318,0.29626461529165937,-0.2923956990924261,2.568616101554355
2006Q2,0,0.9426474893957153,0.5603981975630149,0.6115379920641979,0.23368289805685935,0.3471168108974559,-0.6966011637615841,2.5932931501187824
2006Q3,0,0.8897578448913186,0.5493204754335266,0.6184794974858829,0.23546002488798656,0.30005526567718743,-0.8943770307181083,2.8738314983067363
2006Q4,0,0.8709352330985363,0.5146454616120205,0.5679953460361575,0.2377711427167063,0.3579584078954764,-0.5756507006670353,2.3399427679837395
2007Q1,0,0.8825985311387723,0.5430590728987005,0.638908907193527,0.2483892648319153,0.33423926480978317,-0.8939635738346771,2.6939016557562314
2007Q2,0,0.9405338054370931,0.5342394207022686,0.6070848284459938,0.23468015820296068,0.2842144149727551,-0.8494060572619895,2.831620409577775
2007Q3,0,0.930791198797973,0.6026135939678885,0.7144985487213473,0.26192098863322605,0.4122432719490774,-0.8840381485770359,2.463658741020844
2007Q4,0,0.9137777048132715,0.5754995928698233,0.6873284674141067,0.2892276579153838,0.5028025877857649,-0.6901539116828019,2.0292675269134963
2008Q1,0,0.9420145825567897,0.5767162092121306,0.6908209315435624,0.2821330116856506,0.40584276663047014,-0.8166132120902649,2.399448953387177
2008Q2,0,0.946450280914479,0.5501629749470283,0.5974637634378412,0.23444533238840298,0.3430971788420954,-0.717466683711962,2.6570442761752426
2008Q3,0,0.9826902917574375,0.6549856132712122,0.718056045676942,0.22866674037144055,0.3218276949447584,-0.9946876187908765,3.1299876199969474
2008Q4,0,0.9259520924950656,0.6345442891767925,0.7215371033420277,0.2317077113367638,0.2818884102178152,-1.118745787869412,3.1727380977122284
2009Q1,0,0.974023639662955,0.6203451507007066,0.7238701778585177,0.26915596889159504,0.299242663549518,-1.0629010064413944,2.797036315446238
2009Q2,0,0.9144530926619681,0.6097538942312678,0.6871008029253348,0.23770078789582438,0.3456204536247572,-0.9637113903966651,2.9025880290881387
2009Q3,0,0.9289851147258237,0.5169917383395551,0.5359260882876531,0.1965858899132435,0.25631065913625517,-0.5425382711898967,2.855132261905397
2009Q4,0,0.9240926670399311,0.4937188929831854,0.5353010466392584,0.2219229235704469,0.3062775710530427,-0.4921904189058017,2.5009998975404275
2010Q1,0,0.9440058843043884,0.470511641226765,0.4821381678655272,0.2137425721850326,0.30846582552388646,-0.22289508975198738,2.5466791571505425
2010Q2,0,0.9734701775538057,0.6243807356528706,0.6845264918753419,0.21574556409525097,0.25434959870621976,-1.099276324889853,3.7287642708562294
2010Q3,0,0.9777808875819337,0.6283338306200262,0.6920561302474415,0.22899594483889724,0.26232941344084537,-1.128200118381093,3.538323845349386
2010Q4,0,0.9660531697942516,0.5134115155138039,0.5254922682195912,0.21413833354517123,0.3141392684908057,-0.4138940852834436,2.578658285421572
2011Q1,0,0.9574664969383694,0.5351242893317687,0.6042587110131672,0.2368047434900208,0.27048190386639964,-0.7753656455698347,2.832755727882619
2011Q2,0,0.944997124722521,0.5139546667325584,0.5577366898874487,0.2200229462264685,0.2868107961809262,-0.5524807606858502,2.780057680065848
2011Q3,0,0.9628480255999747,0.6782031295628389,0.8023810280971715,0.2816670232049756,0.2884176505982987,-1.2928639011377847,3.289524987283723
2011Q4,0,0.978988367722196,0.6876706087607524,0.8127108822421907,0.2927212225781679,0.23597310894700763,-1.2915196223838972,3.172055773398284
2012Q1,0,0.9232107641505638,0.5406267945386919,0.6119397015761341,0.2371889142022698,0.2886279886766828,-0.8555868866352736,2.85798415930438
2012Q2,0,0.9486859075220508,0.6089745717003682,0.6810779414189154,0.23236419904243152,0.2829285464539283,-1.088828696038427,3.389804708933753
2012Q3,0,0.985091595408671,0.5389678284734302,0.5698105209631101,0.19935491557163595,0.27449220768006055,-0.4917068418646967,3.3274984833083834
2012Q4,0,0.9859436536624918,0.5283573332731631,0.5551181753804725,0.21177310280950667,0.2334950949917291,-0.6088188487786905,3.1249173936033525
2013Q1,0,0.9610452264276542,0.4908418026939169,0.5184981535305784,0.2068755778437411,0.27318300595361517,-0.38642043887212535,2.8748718249026397
2013Q2,0,0.9560234339682986,0.5887236687782875,0.6229918435265551,0.21848894300594401,0.2561074967170071,-0.928261550394694,3.326003541977929
2013Q3,0,0.9034548103216951,0.5289599236150713,0.5522854075630959,0.21783231032778272,0.3308267532275516,-0.5110580148033914,2.4635573313674035
2013Q4,0,0.9133855110473816,0.5659463490426412,0.604871308225555,0.21463269052721426,0.3009280050563865,-0.7317718789315083,2.7973424384939642
2014Q1,0,0.9435855623836749,0.5646598208056487,0.5963078012267523,0.22441135347839689,0.2917365392807225,-0.7887566028280939,2.949706595786612
2014Q2,0,0.9288094136476718,0.5909154131615247,0.6321150519761053,0.21154012552956813,0.2625298546989534,-0.95699122298896,3.4712948524213068
2014Q3,0,0.9761881215757727,0.5731944362967445,0.6037105921106066,0.21740860237252407,0.31145874931264617,-0.716160359148249,2.9253536915684903
2014Q4,0,0.9303395005452468,0.6178665464023042,0.6747527648009115,0.23059421515437106,0.28154482167410466,-1.1669569814464276,3.749596693050539
2015Q1,0,0.9520231590189583,0.6146680844752967,0.6957485793696054,0.2519902377860125,0.3670134906196979,-0.8543678773148035,2.7420405819430593
2015Q2,0,0.9558660619233568,0.5883048623326949,0.6363767010663945,0.20862328119611656,0.29423844144520134,-0.8274637879165574,3.0034657760383907
2015Q3,0,0.9587549065165348,0.6061888694007123,0.6602806535304198,0.2463262198935229,0.40537535460850704,-0.637075021525465,2.428167672129775
2015Q4,0,0.9585456910776918,0.6236349706430565,0.6888662729482877,0.2526997969429057,0.350099132603118,-0.9528081227281247,3.0270211775142792
2016Q1,0,0.966677849165742,0.616540361826928,0.676632521779937,0.23474453964057118,0.3042030370510152,-0.9317954622116618,3.1807619265290037
2016Q2,0,0.9711720157903428,0.6543654707449245,0.7175147690454248,0.23983292531100142,0.3993758051138738,-0.6708305852261826,2.4300969147998526
2016Q3,0,0.9589482491516031,0.5750851130609912,0.5965489649216535,0.23739389343199171,0.379638601515521,-0.43702171712989946,2.154081875775929
2016Q4,0,0.9606276837903804,0.6335282101134168,0.6826570322624443,0.202292251755514,0.25161501193982383,-1.029931921258038,3.7115230421399654
