Date,minimum,maximum,avg,med,std_dev,iqr,skew,kurt
1986Q2,0.04685646564721757,0.9929609368291537,0.658858171176044,0.8073954281528909,0.32428627974467517,0.4432140256193644,-0.819756510872799,2.2006789490642933
1986Q3,0.09871640649573254,0.995376009032237,0.650661179936221,0.7382832186041,0.30178963571019385,0.46179772798922836,-0.5884526277976925,1.9810937089473848
1986Q4,0.2500325271983026,0.9361416778408411,0.5697236776673179,0.4763299099141197,0.23130647859456224,0.3388200253800902,0.4680580117342729,1.9166525900711604
1987Q1,0,0.9957739429160608,0.5793795743967817,0.5753741501679047,0.39066912331948195,0.7874856915712807,-0.22526827799329316,1.3836265726957993
1987Q2,0.13246379235037886,0.986822647612258,0.6574842270364036,0.6536935702597395,0.2506925464243049,0.3560505696586287,-0.5427358997942218,2.625964262075674
1987Q3,0,0.9946248446821844,0.607405843288211,0.7170631208334568,0.3328602479489357,0.5967878961727091,-0.38298204500206906,1.7094787796805482
1987Q4,0.22673886757247463,0.9917518049757613,0.6925266076060912,0.6928706834221909,0.21462787744918127,0.34000451436306944,-0.3121406777979798,2.1866026540582086
1988Q1,0.026148897507245472,0.9968628991796303,0.6408739471094768,0.6461208024895784,0.29629194373921736,0.39845423111956124,-0.5129959925032892,2.1733538983169676
1988Q2,0.11917332186413498,0.9971244969961395,0.6032234782886241,0.696416794282799,0.3209283563930438,0.6383971812090128,-0.08765159626626952,1.348389811642902
1988Q3,0.06610029495093661,0.9806493615253532,0.5643256232820866,0.6426808678091501,0.3281009051278186,0.5747598038060739,-0.1688728169185363,1.4683455770876042
1988Q4,0.060543409487848976,0.9548669243781783,0.46021904023763954,0.35229558616817114,0.3273216370513982,0.5184660058902053,0.3492753427022574,1.582263208525545
1989Q1,0,0.9991248144754824,0.5882989835876152,0.7897822742276939,0.40592056414113153,0.6772095247923541,-0.39858891312455696,1.4408728375552242
1989Q2,0,0.9909172033960023,0.586024871511499,0.6908532150644653,0.34447583075523996,0.6558921331509096,-0.2725639658919859,1.5408882762313647
1989Q3,0.014380304143750133,0.994944177100797,0.6310185711261355,0.7552982814883202,0.329239290430192,0.5499605494249173,-0.7237884863353716,2.134898611854139
1989Q4,0,0.9949401560685828,0.5756516666735572,0.5965860955589173,0.3310077847651647,0.5953421535146008,-0.19461065255535068,1.7063504759750006
1990Q1,0.08600853311309553,0.9976330287349124,0.620264455811647,0.6330904760788885,0.3011449084977896,0.533689335059828,-0.09011817291108096,1.5964091711126238
1990Q2,0,0.9920564398923148,0.6033089674654452,0.7668031494191827,0.3478900920481705,0.515052486724654,-0.5766177688741363,1.878890814289115
1990Q3,0.04202655864181504,0.9989241145984401,0.6372275444789194,0.7534724082165327,0.27577382355544905,0.3883946197867818,-0.6957618475660695,2.4168073973238005
1990Q4,0.08589875855883666,0.9926105272847114,0.6009743949384111,0.6839321586526039,0.2864261627608196,0.42475247587586407,-0.4279805654731983,1.9812144482532439
1991Q1,0,0.9937062175642527,0.5577898675097286,0.5790682459311207,0.347224599629065,0.6204837200158767,-0.24390580637835332,1.6556868427691511
1991Q2,0,0.984337274588331,0.5722400711079167,0.5744644591173794,0.29303816758246404,0.45174725351909917,-0.2333187715738726,1.968882880630481
1991Q3,0,0.9843037302131449,0.5589313572574078,0.5765778179645585,0.26493516128136696,0.3713678899858815,-0.18832326187004664,2.2560676223188403
1991Q4,0,0.997559284262917,0.5821047285971833,0.5872801453327889,0.3059011326193217,0.48758322256914766,-0.2777643096029542,1.9036042633506436
1992Q1,0,0.9927432816275119,0.5360642825590703,0.647456055396014,0.32064750615545706,0.5418484032236939,-0.12277794385633634,1.5033023604809752
1992Q2,0.060665563798287025,0.9851538755971276,0.5942314790141373,0.568759007681519,0.27640496022139516,0.44184150918429743,-0.07982291289575795,1.956435912811866
1992Q3,0.01077467716865721,0.9866863325929428,0.5524618820418372,0.4972057358096773,0.323244129979522,0.5792683230754225,-0.019023802783249305,1.5884231677181269
1992Q4,0.08712760636621775,0.9995801213492271,0.4367948380695364,0.30974514556103544,0.3021926598990128,0.5438641821738681,0.6285325449685001,1.9146429971270151
1993Q1,0,0.9939512695769942,0.510053204762404,0.46876409645711176,0.3465472835524094,0.6184782541848348,0.09249258596068072,1.5298317475317025
1993Q2,0.06339002102187286,0.9967921946680028,0.6178249589171209,0.5834015308121123,0.27757007092321306,0.4647925602078333,-0.21367906659318078,2.00074008420242
1993Q3,0,0.9937778883982153,0.5071376392799027,0.524348038739437,0.3500595491771735,0.6526620372829344,-0.08515522930378797,1.4889403425189585
1993Q4,0,0.9759791582387006,0.533510124081664,0.5029574453586729,0.29081299212968775,0.4856441749057103,-0.055684730462275366,1.9073976484950632
1994Q1,0.05546784992202414,0.9903630199449365,0.5114790058125657,0.4561719894692929,0.2866845300285467,0.5059163155521041,0.24587113245121087,1.7173964789290905
1994Q2,0,0.9595197249193923,0.5338633570029667,0.5247592432633343,0.2927837557893785,0.5470354962886663,0.021302476742213895,1.7700592728570226
1994Q3,0.027548651396402057,0.9882525574328868,0.523506179795881,0.442211859425039,0.26910949953472146,0.39900135018688343,0.36383047499448284,2.0387442298454967
1994Q4,0,0.9951224927313375,0.544912572120918,0.5385707160208816,0.26888658236147855,0.3608082107518895,-0.03737549060402639,2.2747894696161937
1995Q1,0,0.9942250767639792,0.5682871932934197,0.6140925517812774,0.29096462421256813,0.43935648561593577,-0.2420366678218974,1.9658927910468815
1995Q2,0.03521176525469649,0.9929375116988738,0.5617301661526978,0.5798886727956589,0.2801705222827218,0.48787489916934224,-0.22803700031694826,1.9544302049921802
1995Q3,0,0.9922304263204339,0.48238856744843606,0.46927290624959483,0.2678243729605336,0.3706989605890631,-0.14334328377275277,2.163171159878217
1995Q4,0.01637075465172111,0.9910804749105103,0.5201357737490966,0.5252523460805117,0.26391569533570114,0.42270688582680394,0.049105231011546374,1.9423700039027627
1996Q1,0.13264290972039605,0.9773511062168758,0.5620123833937676,0.5719275350663334,0.21951565204894963,0.32197429096609215,0.036322521076860716,2.12674459292941
1996Q2,0,0.9827122693129515,0.5680147888912747,0.6230876672658767,0.2954084047505111,0.49537294442201674,-0.36247743191024623,2.0207203990714397
1996Q3,0,0.9834252863165374,0.5527410240788746,0.554950371183635,0.2484016734001612,0.4338359464295124,-0.1606306550742207,2.1096948588246054
1996Q4,0,0.9810063350400193,0.5273615007669215,0.577542648168855,0.26757640400790944,0.35366538172855705,-0.4360058613040162,2.213710294238816
1997Q1,0.020513914651248855,0.9633780339056884,0.5405534363794174,0.5637331416843097,0.273043209894195,0.4223913794673489,-0.21111017898341722,1.797391046077809
1997Q2,0,0.9196315856807671,0.5108275785036814,0.5516057947543463,0.25385476956340874,0.4218402372376512,-0.3350616264655292,1.9987760071289409
1997Q3,0,0.943234683168046,0.5044117874731169,0.5418318623676801,0.2664991564484824,0.42480196440527584,-0.35060951477255475,2.0780125915546264
1997Q4,0,0.907452596871803,0.5495690682668979,0.5791147717499111,0.22431852688163456,0.2985717958332495,-0.6096154540901864,2.8099278561436307
1998Q1,0,0.9177696952911134,0.49621470264679834,0.5326830157563561,0.2630132380896594,0.4349365823844708,-0.37507606291441375,1.9507385560281343
1998Q2,0,0.932799651225173,0.4914363567436348,0.524006345665408,0.23541313444861522,0.3945659184371936,-0.1296008202724203,2.0456665524831
1998Q3,0,0.8573197846632211,0.547155421239088,0.5976028721614721,0.22381010224579084,0.34513853656064497,-0.568775980188463,2.196555110575428
1998Q4,0,0.9588269655273127,0.5023981271500209,0.5402546031797169,0.23032563069980055,0.3654999991600572,-0.2592001783127018,2.2799799350518932
1999Q1,0,0.9773613620197145,0.4311124593271703,0.43053659411465317,0.24006557864834782,0.3904259500564242,0.06503439373727325,2.280522660738428
1999Q2,0,0.9760431644605959,0.43983263085483976,0.4395894311127542,0.23806725365923054,0.2718271249684179,0.049932431827084074,2.6003477258697982
1999Q3,0,0.880725133379659,0.44148367874364997,0.46829795261767304,0.2348186582660817,0.35497172832359114,-0.19886971951335028,2.114858040967846
1999Q4,0,0.9679614557473445,0.45212070259007336,0.44992231042042763,0.25251334458847347,0.37056366021055076,-0.045203046275182665,2.1588288808180134
2000Q1,0,0.9801619087979205,0.4833471235577396,0.5209760064787248,0.25937306128713483,0.43035236624175377,-0.17199584508105648,2.0615370951354746
2000Q2,0,0.9413006668780789,0.4666198668772344,0.48677185145033997,0.24425519923798347,0.41670702036831986,-0.07746270003294893,1.9996870457489333
2000Q3,0,0.9796060370929867,0.4772082473540341,0.47988791582127033,0.23783462058647814,0.3356870784228406,-0.016699858577614544,2.2266473649937266
2000Q4,0,0.9487130886271514,0.5013440702350853,0.5327485486583907,0.2403612422542024,0.36254137903964545,-0.22931202642520193,2.2880561390447935
2001Q1,0,0.9780500658521809,0.5106521924657966,0.5383622621314941,0.2333930471842098,0.30613583593753013,-0.357481191395407,2.7388747156177224
2001Q2,0,0.963866244999452,0.49926143334392636,0.5025626312993925,0.215774875325997,0.29580870272665627,-0.31209080752315704,2.6245770515375137
2001Q3,0,0.9283207652335621,0.5147696379268857,0.5389129466206468,0.21151271689268408,0.3117701847454972,-0.3048491788280443,2.455198074613575
2001Q4,0,0.8870736572354366,0.4942493680016187,0.5349244836885134,0.2122311761388006,0.3019712976983777,-0.41652325271958796,2.571479273471331
2002Q1,0,0.9244512625864258,0.46130283789426657,0.5129479930193337,0.25507803383869415,0.4026912578906382,-0.301589075259207,1.9994305476712448
2002Q2,0,0.9309548731576514,0.4838554047558153,0.50349602784794,0.2194053774617371,0.30427740244652,-0.5277754478996106,2.6553119875670688
2002Q3,0,0.9539480987643647,0.6124459654413774,0.6503547114652355,0.21564543824030846,0.27668458366589765,-0.7708908631474246,3.008484677136251
2002Q4,0,0.9399007796694092,0.5700477950997341,0.6091154356274695,0.24431606102993855,0.35693900916201105,-0.6712938697710195,2.5451533899641032
2003Q1,0,0.9393735349781365,0.5167879078693025,0.5357179251952862,0.23736887533667153,0.3267888041217918,-0.43268552087823475,2.499718555885514
2003Q2,0,0.8892274666994631,0.48871794680344227,0.526884536763443,0.2064025291804932,0.2714930411793468,-0.24628475981150866,2.4060282105590436
2003Q3,0,0.8678640502942696,0.5410541089092458,0.5689187547358148,0.200774772411728,0.2717674745482278,-0.6168446563625255,2.8454738967234743
2003Q4,0,0.9465504998032799,0.5600380930764464,0.5849902610796733,0.17947345983825583,0.2489484159433235,-0.4704064726114642,2.9960893488554468
2004Q1,0,0.9224150440661425,0.4797020273806517,0.5038654649762454,0.1995817062406677,0.24800391131266147,-0.36239281393822015,2.7346008275192646
2004Q2,0,0.8757434996504091,0.5450865347904914,0.5765649465325424,0.17964003841636636,0.24158195556499296,-0.755978101196077,3.0974603088053425
2004Q3,0,0.8995137265533965,0.5558640600352786,0.5896830558650401,0.1928136274913067,0.253367787618251,-0.7324059416292227,3.306507525714234
2004Q4,0.10177848686696422,0.9019722801847317,0.5604690203349388,0.5779055373792398,0.16918944380140605,0.22740414850586999,-0.5195809930725623,3.0217809645960347
2005Q1,0,0.8469414056351786,0.5144548056569295,0.5280956557153215,0.1971922361770412,0.2662546050717737,-0.6780362671170204,2.902295416815107
2005Q2,0.03048988018765919,0.9182426468439012,0.58876782770808,0.6028449939850256,0.17521776866297203,0.22771335260678838,-0.726530992589441,3.112500027083788
2005Q3,0,0.9179456202545262,0.5690036198381467,0.6100343356312301,0.21576352916424463,0.2830187305593626,-0.6854252394779806,2.733794140204457
2005Q4,0,0.9090328618955192,0.5732199912890509,0.6144850172594549,0.19907934224231463,0.23636788516040363,-0.9565357204706583,3.6927655805416997
2006Q1,0,0.8976367321334966,0.5215460470710371,0.5469808005239821,0.20396815825299194,0.2592874623130002,-0.5486825643580552,2.7469203648447857
2006Q2,0,0.9256229073284334,0.6070171999229356,0.6407946009284244,0.19692311030442988,0.24824168906474675,-0.8251239013770386,3.497700483558251
2006Q3,0,0.8927654802708845,0.6168601219034358,0.6716094213269683,0.20692321131042957,0.28131023339707273,-1.0005722987266363,3.361361454886412
2006Q4,0,0.9172513987183173,0.5770592862788264,0.6314128879852522,0.22872464967719783,0.3244837340986248,-0.8216193497941324,2.902485801544155
2007Q1,0,0.9314126589503784,0.6320243934947514,0.6876368091803009,0.20861384106547667,0.2232977756818224,-1.2973109442299937,4.114882890526595
2007Q2,0,0.9020210423904905,0.5790034654139867,0.6223654015273029,0.21779278381778597,0.2697047563843405,-0.9793571629404196,3.5555602044028984
2007Q3,0.08964005249624307,0.9125417102823413,0.6804444096744954,0.7456569428051287,0.19750007668257308,0.18007194402588111,-1.3140363227762086,3.761271909153077
2007Q4,0.007688821569031723,0.9262754191997539,0.6499384861822706,0.7558218933487798,0.2445754705223105,0.28118245528878316,-1.1058851662901876,2.959949702414995
2008Q1,0,0.9219156642903837,0.6580375014469396,0.7300485400984655,0.23323883562044317,0.20538897087557095,-1.497842416785953,4.345854429225495
2008Q2,0,0.9341927324207806,0.6031249549357164,0.6575371298112759,0.21685581465468248,0.30761737616411744,-0.8099022278877601,2.953023795093014
2008Q3,7.318410906282935e-4,0.9493161785383553,0.6700728167360209,0.7412822505083143,0.21345595054353086,0.2679285873198216,-1.308227596909954,4.05075602236184
2008Q4,0,0.9240983059239323,0.7077331790340795,0.7719534869900421,0.19771897198240998,0.16214321651378671,-1.9336945230338192,6.44149120442737
2009Q1,0,0.977781676234561,0.7039656765583038,0.7564348281534109,0.19895922566803306,0.178890935921864,-1.826481685708152,6.2676652088365525
2009Q2,0,0.94929997484835,0.6909264921043642,0.7704707591780013,0.22731341563572308,0.18543016049566852,-1.6500635929842382,4.9659361430103255
2009Q3,0,0.9319181437422271,0.5725649481262655,0.6007527428057742,0.1961632718940138,0.2102052750515635,-1.0712885456748684,4.216895082939167
2009Q4,0.14930145154944896,0.9676152652198136,0.5825707780550717,0.5923684853523958,0.17646760166372807,0.23159044413323904,-0.15678337112877247,2.630571326627807
2010Q1,0,0.9676371138884987,0.5288233231308251,0.5473157780585622,0.20059409868549288,0.28392403392390686,-0.2720130674928199,2.8909977655898476
2010Q2,0.0888740805684266,0.976883323663107,0.7117537347403475,0.7460491065998063,0.14721379098939175,0.18268165534894298,-1.1681283112715997,5.339612582637079
2010Q3,0.029974333202214876,0.9749308126647457,0.7143372697069139,0.7437614019882082,0.16992281994412656,0.17084693239543136,-1.6132781367436502,5.9807367491190115
2010Q4,0,0.985125458456838,0.6021548914575519,0.6343118401558809,0.19058365148576342,0.22155785675824857,-0.7779405089257441,3.8628631934223523
2011Q1,0,0.9983146311438892,0.6144745389368752,0.6524594217744785,0.1841991292609382,0.22300935074996442,-0.9529666371739008,4.064301689354657
2011Q2,0.019147914410911238,0.9509861557019559,0.5807717139617286,0.6087868313659693,0.1764753364792927,0.2208585904575302,-0.7766178704756299,3.488471884403828
2011Q3,0,0.9808094799644752,0.7879768252957212,0.8357490396924211,0.16567301326828412,0.12583219987485195,-2.556376647847927,10.731143743326855
2011Q4,0,0.9632509690188813,0.790130769619876,0.8494770355764397,0.1936322561871114,0.11123091016105391,-2.9192309462434913,11.47841201009381
2012Q1,0,0.9374911088799459,0.6402608357114216,0.680344065698852,0.17887555013459938,0.19869180117862428,-1.3761752043149558,5.020892795219643
2012Q2,0,0.9498640063052298,0.7090310388586616,0.7484224252389403,0.15561252113295715,0.14430507678377935,-1.9634730158311777,8.538506425566432
2012Q3,0,0.9943432703079629,0.6119493305720225,0.6379923834931074,0.1817400807156794,0.20019971113726753,-0.7812256513583259,4.107855952026666
2012Q4,0,0.9108309508029221,0.5978498761805371,0.6161245723973414,0.15974886619972423,0.19990895526606856,-0.832846533434713,4.460819043817576
2013Q1,0,0.9984575830772247,0.579522322509909,0.6120958478815264,0.1753454432298321,0.2203916460724062,-0.6771026115332153,3.691604362043876
2013Q2,0.20588854374649512,0.9857408659788416,0.6763481874537423,0.7091874212647511,0.14180319134464317,0.18776610916440684,-0.7439578372816116,3.1780562063510236
2013Q3,0,0.9396160997407538,0.6057859460631488,0.643881919740724,0.1960253072067193,0.2398510506088143,-0.875971913219442,3.317218476632877
2013Q4,0.02134937392356495,0.9368980200614727,0.6489270782119294,0.6794972111525681,0.16033806791600203,0.20722855192897716,-0.9390248097008769,4.053141218683454
2014Q1,0.13709761589809322,0.9588080766651393,0.6516588931856875,0.6863468606769095,0.1601257096995645,0.2239451290941331,-0.8357497858192315,3.6032963353300236
2014Q2,0.14863804408150016,0.9505372439929485,0.6769563535932558,0.707741894417721,0.15023028823581275,0.18492879158270725,-1.0718079745115687,4.252792732516574
2014Q3,0,0.9842762615899048,0.6609491042047771,0.6798831282795266,0.1704696937657503,0.21940245737701658,-1.1885483502596739,5.043857122658279
2014Q4,0,0.9737848954266417,0.6988802336099331,0.7493810759192692,0.1808189758884416,0.1749134334973721,-1.646090839948106,6.248056908096139
2015Q1,0,0.9485888197484057,0.7300174505180818,0.7789676794304458,0.18687226431687687,0.1918950061412803,-1.7417815046967986,6.460787292674925
2015Q2,0,0.935174090963105,0.6690135560682123,0.6912682641038241,0.16689313943922132,0.1982989787669449,-1.2470626963438218,5.048853204783346
2015Q3,0,0.9527623768712303,0.7053989480042473,0.7487318273958046,0.18662866097437295,0.23873492840471244,-1.1284249175652852,4.269350474148196
2015Q4,0.14420210196278382,0.994071157473353,0.7449619639523565,0.7705212418535328,0.15571082539308964,0.2081566842148569,-1.038235839860902,4.293830146226256
2016Q1,0.004385345706958921,0.9905378822807493,0.7268048117803886,0.7600567620532663,0.16134204187878248,0.20889857757269648,-1.238752980275337,5.306796003774522
2016Q2,0.14543737084612185,0.9820736285314009,0.7565419090021367,0.8148425236780561,0.18589771365775823,0.23280982394290806,-1.3052714932972769,4.247956419010394
2016Q3,0.16626346993112906,0.9719716888294924,0.6730529727242348,0.7122315192588584,0.1812235148736357,0.23827830045556664,-0.786818789148247,3.01457722618233
2016Q4,0.19640390368178506,0.9769501852254673,0.7050177708538167,0.7277999772861703,0.15007777722245844,0.18779861292349875,-0.9108623226501136,3.965363480331288
